1389.0
2043.0
1389.0
1092.0
1310.0
920.0
1529.0
936.0
1467.0
1045.0
1123.0
1061.0
1029.0
1732.0
1560.0
1279.0
1435.0
952.0
1326.0
1185.0
999.0
1029.0
1170.0
968.0
936.0
936.0
1435.0
951.0
905.0
733.0
843.0
905.0
858.0
857.0
1014.0
1420.0
764.0
718.0
1404.0
718.0
639.0
702.0
718.0
998.0
1264.0
1264.0
1357.0
1732.0
1762.0
1576.0
1966.0
1669.0
1669.0
1685.0
1450.0
1404.0
1420.0
2387.0
1763.0
1622.0
1326.0
1591.0
1716.0
1841.0
1669.0
1466.0
1467.0
1544.0
1420.0
1435.0
1981.0
1576.0
1840.0
1358.0
1653.0
1420.0
1544.0
1560.0
1311.0
1450.0
1872.0
1857.0
1872.0
1216.0
1217.0
1435.0
1342.0
1435.0
1357.0
1358.0
5770.0
1848.0
2176.0
888.0
1176.0
768.0
368.0
672.0
247.0
200.0
464.0
151.0
192.0
184.0
175.0
184.0
184.0
135.0
208.0
128.0
200.0
119.0
200.0
144.0
208.0
1240.0
264.0
192.0
160.0
208.0
144.0
264.0
176.0
200.0
160.0
200.0
144.0
200.0
151.0
192.0
168.0
168.0
184.0
248.0
496.0
2150.0
1920.0
1984.0
1136.0
792.0
696.0
712.0
1848.0
504.0
128.0
848.0
488.0
472.0
544.0
464.0
464.0
448.0
432.0
432.0
472.0
464.0
1128.0
376.0
456.0
472.0
560.0
904.0
680.0
1904.0
600.0
552.0
592.0
592.0
536.0
472.0
840.0
624.0
624.0
424.0
504.0
504.0
360.0
224.0
320.0
360.0
4992.0
1904.0
5320.0
3432.0
3856.0
1536.0
1656.0
1872.0
2088.0
5256.0
1552.0
2208.0
1648.0
1752.0
5344.0
3432.0
1968.0
1440.0
1599.0
1711.0
1560.0
2856.0
1888.0
1512.0
1904.0
2799.0
1648.0
1551.0
1360.0
1447.0
3256.0
3560.0
1615.0
1655.0
1599.0
2455.0
2423.0
1575.0
2623.0
1687.0
1591.0
2240.0
1424.0
1968.0
1440.0
5760.0
3200.0
1224.0
1104.0
1360.0
2152.0
1248.0
1152.0
1504.0
1592.0
1400.0
1096.0
1016.0
1120.0
2032.0
1072.0
1136.0
1008.0
976.0
992.0
1048.0
1040.0
1080.0
1024.0
1144.0
952.0
1008.0
1264.0
1000.0
968.0
1000.0
1192.0
944.0
936.0
896.0
936.0
944.0
984.0
1096.0
984.0
4992.0
1904.0
5320.0
3432.0
3856.0
1536.0
1656.0
1872.0
2088.0
5256.0
1552.0
2208.0
1648.0
1752.0
5344.0
3432.0
1968.0
1440.0
1599.0
1711.0
1560.0
2856.0
1888.0
1512.0
1904.0
2799.0
1648.0
1551.0
1360.0
1447.0
3256.0
3560.0
1615.0
1655.0
1599.0
2455.0
2423.0
1575.0
2623.0
1687.0
1591.0
2240.0
1424.0
1968.0
1440.0
5760.0
3200.0
1224.0
1104.0
1360.0
2152.0
1248.0
1152.0
1504.0
1592.0
1400.0
1096.0
1016.0
1120.0
2032.0
1072.0
1136.0
1008.0
976.0
992.0
1048.0
1040.0
1080.0
1024.0
1144.0
952.0
1008.0
1264.0
1000.0
968.0
1000.0
1192.0
944.0
936.0
896.0
936.0
944.0
984.0
1096.0
984.0
4992.0
1904.0
5320.0
3432.0
3856.0
1536.0
1656.0
1872.0
2088.0
5256.0
1552.0
2208.0
1648.0
1752.0
5344.0
3432.0
1968.0
1440.0
1599.0
1711.0
1560.0
2856.0
1888.0
1512.0
1904.0
2799.0
1648.0
1551.0
1360.0
1447.0
3256.0
3560.0
1615.0
1655.0
1599.0
2455.0
2423.0
1575.0
2623.0
1687.0
1591.0
2240.0
1424.0
1968.0
1440.0
5760.0
3200.0
1224.0
1104.0
1360.0
2152.0
1248.0
1152.0
1504.0
1592.0
1400.0
1096.0
1016.0
1120.0
2032.0
1072.0
1136.0
1008.0
976.0
992.0
1048.0
1040.0
1080.0
1024.0
1144.0
952.0
1008.0
1264.0
1000.0
968.0
1000.0
1192.0
944.0
936.0
896.0
936.0
944.0
984.0
1096.0
984.0
4992.0
1904.0
5320.0
3432.0
3856.0
1536.0
1656.0
1872.0
2088.0
5256.0
1552.0
2208.0
1648.0
1752.0
5344.0
3432.0
1968.0
1440.0
1599.0
1711.0
1560.0
2856.0
1888.0
1512.0
1904.0
2799.0
1648.0
1551.0
1360.0
1447.0
3256.0
3560.0
1615.0
1655.0
1599.0
2455.0
2423.0
1575.0
2623.0
1687.0
1591.0
2240.0
1424.0
1968.0
1440.0
5760.0
3200.0
1224.0
1104.0
1360.0
2152.0
1248.0
1152.0
1504.0
1592.0
1400.0
1096.0
1016.0
1120.0
2032.0
1072.0
1136.0
1008.0
976.0
992.0
1048.0
1040.0
1080.0
1024.0
1144.0
952.0
1008.0
1264.0
1000.0
968.0
1000.0
1192.0
944.0
936.0
896.0
936.0
944.0
984.0
1096.0
984.0
4992.0
1904.0
5320.0
3432.0
3856.0
1536.0
1656.0
1872.0
2088.0
5256.0
1552.0
2208.0
1648.0
1752.0
5344.0
3432.0
1968.0
1440.0
1599.0
1711.0
1560.0
2856.0
1888.0
1512.0
1904.0
2799.0
1648.0
1551.0
1360.0
1447.0
3256.0
3560.0
1615.0
1655.0
1599.0
2455.0
2423.0
1575.0
2623.0
1687.0
1591.0
2240.0
1424.0
1968.0
1440.0
5760.0
3200.0
1224.0
1104.0
1360.0
2152.0
1248.0
1152.0
1504.0
1592.0
1400.0
1096.0
1016.0
1120.0
2032.0
1072.0
1136.0
1008.0
976.0
992.0
1048.0
1040.0
1080.0
1024.0
1144.0
952.0
1008.0
1264.0
1000.0
968.0
1000.0
1192.0
944.0
936.0
896.0
936.0
944.0
984.0
1096.0
984.0
4992.0
1904.0
5320.0
3432.0
3856.0
1536.0
1656.0
1872.0
2088.0
5256.0
1552.0
2208.0
1648.0
1752.0
5344.0
3432.0
1968.0
1440.0
1599.0
1711.0
1560.0
2856.0
1888.0
1512.0
1904.0
2799.0
1648.0
1551.0
1360.0
1447.0
3256.0
3560.0
1615.0
1655.0
1599.0
2455.0
2423.0
1575.0
2623.0
1687.0
1591.0
2240.0
1424.0
1968.0
1440.0
5760.0
3200.0
1224.0
1104.0
1360.0
2152.0
1248.0
1152.0
1504.0
1592.0
1400.0
1096.0
1016.0
1120.0
2032.0
1072.0
1136.0
1008.0
976.0
992.0
1048.0
1040.0
1080.0
1024.0
1144.0
952.0
1008.0
1264.0
1000.0
968.0
1000.0
1192.0
944.0
936.0
896.0
936.0
944.0
984.0
1096.0
984.0
1014.0
1716.0
936.0
1108.0
1591.0
858.0
671.0
858.0
671.0
951.0
1170.0
1233.0
1513.0
1997.0
1154.0
1295.0
1154.0
796.0
764.0
1155.0
1357.0
1232.0
734.0
904.0
1030.0
826.0
1482.0
656.0
998.0
1154.0
734.0
1279.0
1123.0
562.0
796.0
702.0
951.0
546.0
1014.0
1030.0
608.0
905.0
639.0
671.0
921.0
1373.0
1373.0
1263.0
983.0
1326.0
936.0
1513.0
1982.0
780.0
1107.0
780.0
749.0
1248.0
889.0
905.0
2355.0
827.0
1092.0
827.0
842.0
780.0
1482.0
765.0
1341.0
1607.0
1248.0
998.0
827.0
2199.0
1529.0
219.0
2028.0
1217.0
1342.0
1357.0
905.0
1076.0
952.0
733.0
873.0
1482.0
734.0
858.0
920.0
1123.0
4000.0
2920.0
2184.0
2152.0
5312.0
2432.0
3200.0
5087.0
1937.0
1487.0
1263.0
1215.0
2384.0
616.0
1984.0
1368.0
2768.0
1391.0
1439.0
1263.0
1799.0
2880.0
1681.0
1664.0
1527.0
2912.0
2032.0
3623.0
1207.0
1920.0
2248.0
1167.0
1408.0
1272.0
2824.0
1696.0
2080.0
1672.0
1152.0
1632.0
1223.0
1416.0
1104.0
1392.0
1701.0
880.0
808.0
1296.0
840.0
1000.0
696.0
848.0
768.0
776.0
1184.0
1400.0
800.0
1088.0
896.0
888.0
1344.0
1200.0
1160.0
1312.0
1264.0
856.0
1368.0
960.0
832.0
1008.0
1352.0
1032.0
856.0
968.0
1256.0
1000.0
1200.0
776.0
944.0
872.0
936.0
760.0
904.0
808.0
1400.0
768.0
584.0
1128.0
984.0
4000.0
2920.0
2184.0
2152.0
5312.0
2432.0
3200.0
5087.0
1937.0
1487.0
1263.0
1215.0
2384.0
616.0
1984.0
1368.0
2768.0
1391.0
1439.0
1263.0
1799.0
2880.0
1681.0
1664.0
1527.0
2912.0
2032.0
3623.0
1207.0
1920.0
2248.0
1167.0
1408.0
1272.0
2824.0
1696.0
2080.0
1672.0
1152.0
1632.0
1223.0
1416.0
1104.0
1392.0
1701.0
880.0
808.0
1296.0
840.0
1000.0
696.0
848.0
768.0
776.0
1184.0
1400.0
800.0
1088.0
896.0
888.0
1344.0
1200.0
1160.0
1312.0
1264.0
856.0
1368.0
960.0
832.0
1008.0
1352.0
1032.0
856.0
968.0
1256.0
1000.0
1200.0
776.0
944.0
872.0
936.0
760.0
904.0
808.0
1400.0
768.0
584.0
1128.0
984.0
4000.0
2920.0
2184.0
2152.0
5312.0
2432.0
3200.0
5087.0
1937.0
1487.0
1263.0
1215.0
2384.0
616.0
1984.0
1368.0
2768.0
1391.0
1439.0
1263.0
1799.0
2880.0
1681.0
1664.0
1527.0
2912.0
2032.0
3623.0
1207.0
1920.0
2248.0
1167.0
1408.0
1272.0
2824.0
1696.0
2080.0
1672.0
1152.0
1632.0
1223.0
1416.0
1104.0
1392.0
1701.0
880.0
808.0
1296.0
840.0
1000.0
696.0
848.0
768.0
776.0
1184.0
1400.0
800.0
1088.0
896.0
888.0
1344.0
1200.0
1160.0
1312.0
1264.0
856.0
1368.0
960.0
832.0
1008.0
1352.0
1032.0
856.0
968.0
1256.0
1000.0
1200.0
776.0
944.0
872.0
936.0
760.0
904.0
808.0
1400.0
768.0
584.0
1128.0
984.0
2949.0
5024.0
2576.0
1664.0
3216.0
3624.0
2680.0
4424.0
4696.0
3335.0
3176.0
2280.0
2216.0
2480.0
1592.0
1800.0
2184.0
3872.0
2608.0
2024.0
2064.0
2040.0
2184.0
2504.0
1264.0
1632.0
1904.0
1344.0
2616.0
2096.0
2384.0
1608.0
1720.0
2464.0
1712.0
1872.0
2064.0
1927.0
2304.0
1616.0
1936.0
1848.0
1888.0
1908.0
1320.0
1335.0
1231.0
1271.0
1127.0
1807.0
1623.0
1367.0
1896.0
1624.0
2976.0
2256.0
1831.0
2184.0
1288.0
1503.0
1295.0
1312.0
1120.0
1367.0
2207.0
1088.0
1568.0
1063.0
1440.0
1287.0
1959.0
1776.0
1751.0
2319.0
1800.0
1983.0
2112.0
2072.0
2231.0
1791.0
1287.0
1800.0
1255.0
1591.0
3303.0
2512.0
1848.0
2048.0
2949.0
5024.0
2576.0
1664.0
3216.0
3624.0
2680.0
4424.0
4696.0
3335.0
3176.0
2280.0
2216.0
2480.0
1592.0
1800.0
2184.0
3872.0
2608.0
2024.0
2064.0
2040.0
2184.0
2504.0
1264.0
1632.0
1904.0
1344.0
2616.0
2096.0
2384.0
1608.0
1720.0
2464.0
1712.0
1872.0
2064.0
1927.0
2304.0
1616.0
1936.0
1848.0
1888.0
1908.0
1320.0
1335.0
1231.0
1271.0
1127.0
1807.0
1623.0
1367.0
1896.0
1624.0
2976.0
2256.0
1831.0
2184.0
1288.0
1503.0
1295.0
1312.0
1120.0
1367.0
2207.0
1088.0
1568.0
1063.0
1440.0
1287.0
1959.0
1776.0
1751.0
2319.0
1800.0
1983.0
2112.0
2072.0
2231.0
1791.0
1287.0
1800.0
1255.0
1591.0
3303.0
2512.0
1848.0
2048.0
4000.0
2920.0
2184.0
2152.0
5312.0
2432.0
3200.0
5087.0
1937.0
1487.0
1263.0
1215.0
2384.0
616.0
1984.0
1368.0
2768.0
1391.0
1439.0
1263.0
1799.0
2880.0
1681.0
1664.0
1527.0
2912.0
2032.0
3623.0
1207.0
1920.0
2248.0
1167.0
1408.0
1272.0
2824.0
1696.0
2080.0
1672.0
1152.0
1632.0
1223.0
1416.0
1104.0
1392.0
1701.0
880.0
808.0
1296.0
840.0
1000.0
696.0
848.0
768.0
776.0
1184.0
1400.0
800.0
1088.0
896.0
888.0
1344.0
1200.0
1160.0
1312.0
1264.0
856.0
1368.0
960.0
832.0
1008.0
1352.0
1032.0
856.0
968.0
1256.0
1000.0
1200.0
776.0
944.0
872.0
936.0
760.0
904.0
808.0
1400.0
768.0
584.0
1128.0
984.0
2949.0
5024.0
2576.0
1664.0
3216.0
3624.0
2680.0
4424.0
4696.0
3335.0
3176.0
2280.0
2216.0
2480.0
1592.0
1800.0
2184.0
3872.0
2608.0
2024.0
2064.0
2040.0
2184.0
2504.0
1264.0
1632.0
1904.0
1344.0
2616.0
2096.0
2384.0
1608.0
1720.0
2464.0
1712.0
1872.0
2064.0
1927.0
2304.0
1616.0
1936.0
1848.0
1888.0
1908.0
1320.0
1335.0
1231.0
1271.0
1127.0
1807.0
1623.0
1367.0
1896.0
1624.0
2976.0
2256.0
1831.0
2184.0
1288.0
1503.0
1295.0
1312.0
1120.0
1367.0
2207.0
1088.0
1568.0
1063.0
1440.0
1287.0
1959.0
1776.0
1751.0
2319.0
1800.0
1983.0
2112.0
2072.0
2231.0
1791.0
1287.0
1800.0
1255.0
1591.0
3303.0
2512.0
1848.0
2048.0
3844.0
3992.0
1616.0
1408.0
2304.0
2496.0
2624.0
2464.0
3200.0
1816.0
2224.0
1968.0
2976.0
2320.0
2120.0
2632.0
2592.0
1943.0
1935.0
2472.0
1832.0
1695.0
3319.0
3839.0
2087.0
2200.0
1615.0
2031.0
1599.0
1329.0
1295.0
1240.0
1943.0
2944.0
1952.0
2984.0
1631.0
2640.0
2240.0
1848.0
2464.0
4208.0
1624.0
1792.0
2149.0
1712.0
1583.0
1505.0
1415.0
1128.0
1048.0
1232.0
1175.0
1089.0
1000.0
959.0
1096.0
984.0
983.0
1232.0
1368.0
1704.0
968.0
1056.0
960.0
1072.0
984.0
1584.0
536.0
1184.0
576.0
848.0
1168.0
872.0
928.0
1208.0
992.0
1280.0
1160.0
1039.0
976.0
1256.0
728.0
1008.0
440.0
960.0
807.0
1120.0
1008.0
3844.0
3992.0
1616.0
1408.0
2304.0
2496.0
2624.0
2464.0
3200.0
1816.0
2224.0
1968.0
2976.0
2320.0
2120.0
2632.0
2592.0
1943.0
1935.0
2472.0
1832.0
1695.0
3319.0
3839.0
2087.0
2200.0
1615.0
2031.0
1599.0
1329.0
1295.0
1240.0
1943.0
2944.0
1952.0
2984.0
1631.0
2640.0
2240.0
1848.0
2464.0
4208.0
1624.0
1792.0
2149.0
1712.0
1583.0
1505.0
1415.0
1128.0
1048.0
1232.0
1175.0
1089.0
1000.0
959.0
1096.0
984.0
983.0
1232.0
1368.0
1704.0
968.0
1056.0
960.0
1072.0
984.0
1584.0
536.0
1184.0
576.0
848.0
1168.0
872.0
928.0
1208.0
992.0
1280.0
1160.0
1039.0
976.0
1256.0
728.0
1008.0
440.0
960.0
807.0
1120.0
1008.0
3844.0
3992.0
1616.0
1408.0
2304.0
2496.0
2624.0
2464.0
3200.0
1816.0
2224.0
1968.0
2976.0
2320.0
2120.0
2632.0
2592.0
1943.0
1935.0
2472.0
1832.0
1695.0
3319.0
3839.0
2087.0
2200.0
1615.0
2031.0
1599.0
1329.0
1295.0
1240.0
1943.0
2944.0
1952.0
2984.0
1631.0
2640.0
2240.0
1848.0
2464.0
4208.0
1624.0
1792.0
2149.0
1712.0
1583.0
1505.0
1415.0
1128.0
1048.0
1232.0
1175.0
1089.0
1000.0
959.0
1096.0
984.0
983.0
1232.0
1368.0
1704.0
968.0
1056.0
960.0
1072.0
984.0
1584.0
536.0
1184.0
576.0
848.0
1168.0
872.0
928.0
1208.0
992.0
1280.0
1160.0
1039.0
976.0
1256.0
728.0
1008.0
440.0
960.0
807.0
1120.0
1008.0
3844.0
3992.0
1616.0
1408.0
2304.0
2496.0
2624.0
2464.0
3200.0
1816.0
2224.0
1968.0
2976.0
2320.0
2120.0
2632.0
2592.0
1943.0
1935.0
2472.0
1832.0
1695.0
3319.0
3839.0
2087.0
2200.0
1615.0
2031.0
1599.0
1329.0
1295.0
1240.0
1943.0
2944.0
1952.0
2984.0
1631.0
2640.0
2240.0
1848.0
2464.0
4208.0
1624.0
1792.0
2149.0
1712.0
1583.0
1505.0
1415.0
1128.0
1048.0
1232.0
1175.0
1089.0
1000.0
959.0
1096.0
984.0
983.0
1232.0
1368.0
1704.0
968.0
1056.0
960.0
1072.0
984.0
1584.0
536.0
1184.0
576.0
848.0
1168.0
872.0
928.0
1208.0
992.0
1280.0
1160.0
1039.0
976.0
1256.0
728.0
1008.0
440.0
960.0
807.0
1120.0
1008.0
2738.0
2664.0
2135.0
2232.0
2528.0
1848.0
1872.0
1687.0
2063.0
2264.0
1592.0
2600.0
1575.0
1560.0
1927.0
2544.0
4552.0
1520.0
1752.0
2592.0
1848.0
1359.0
1632.0
984.0
1639.0
2000.0
2712.0
1952.0
3832.0
1656.0
1520.0
1488.0
1840.0
1536.0
1456.0
1792.0
1864.0
1752.0
1376.0
1858.0
1589.0
1600.0
1456.0
1592.0
1512.0
2437.0
1496.0
1632.0
2264.0
1648.0
1240.0
1888.0
1976.0
1720.0
1392.0
1120.0
1128.0
1192.0
1736.0
1000.0
1064.0
896.0
792.0
1336.0
1048.0
856.0
1184.0
1864.0
1752.0
1568.0
1048.0
1280.0
1176.0
1112.0
1384.0
1264.0
1136.0
1096.0
776.0
1192.0
896.0
1352.0
1728.0
1160.0
920.0
1432.0
1296.0
2168.0
2144.0
1600.0
3844.0
3992.0
1616.0
1408.0
2304.0
2496.0
2624.0
2464.0
3200.0
1816.0
2224.0
1968.0
2976.0
2320.0
2120.0
2632.0
2592.0
1943.0
1935.0
2472.0
1832.0
1695.0
3319.0
3839.0
2087.0
2200.0
1615.0
2031.0
1599.0
1329.0
1295.0
1240.0
1943.0
2944.0
1952.0
2984.0
1631.0
2640.0
2240.0
1848.0
2464.0
4208.0
1624.0
1792.0
2149.0
1712.0
1583.0
1505.0
1415.0
1128.0
1048.0
1232.0
1175.0
1089.0
1000.0
959.0
1096.0
984.0
983.0
1232.0
1368.0
1704.0
968.0
1056.0
960.0
1072.0
984.0
1584.0
536.0
1184.0
576.0
848.0
1168.0
872.0
928.0
1208.0
992.0
1280.0
1160.0
1039.0
976.0
1256.0
728.0
1008.0
440.0
960.0
807.0
1120.0
1008.0
3844.0
3992.0
1616.0
1408.0
2304.0
2496.0
2624.0
2464.0
3200.0
1816.0
2224.0
1968.0
2976.0
2320.0
2120.0
2632.0
2592.0
1943.0
1935.0
2472.0
1832.0
1695.0
3319.0
3839.0
2087.0
2200.0
1615.0
2031.0
1599.0
1329.0
1295.0
1240.0
1943.0
2944.0
1952.0
2984.0
1631.0
2640.0
2240.0
1848.0
2464.0
4208.0
1624.0
1792.0
2149.0
1712.0
1583.0
1505.0
1415.0
1128.0
1048.0
1232.0
1175.0
1089.0
1000.0
959.0
1096.0
984.0
983.0
1232.0
1368.0
1704.0
968.0
1056.0
960.0
1072.0
984.0
1584.0
536.0
1184.0
576.0
848.0
1168.0
872.0
928.0
1208.0
992.0
1280.0
1160.0
1039.0
976.0
1256.0
728.0
1008.0
440.0
960.0
807.0
1120.0
1008.0
3844.0
3992.0
1616.0
1408.0
2304.0
2496.0
2624.0
2464.0
3200.0
1816.0
2224.0
1968.0
2976.0
2320.0
2120.0
2632.0
2592.0
1943.0
1935.0
2472.0
1832.0
1695.0
3319.0
3839.0
2087.0
2200.0
1615.0
2031.0
1599.0
1329.0
1295.0
1240.0
1943.0
2944.0
1952.0
2984.0
1631.0
2640.0
2240.0
1848.0
2464.0
4208.0
1624.0
1792.0
2149.0
1712.0
1583.0
1505.0
1415.0
1128.0
1048.0
1232.0
1175.0
1089.0
1000.0
959.0
1096.0
984.0
983.0
1232.0
1368.0
1704.0
968.0
1056.0
960.0
1072.0
984.0
1584.0
536.0
1184.0
576.0
848.0
1168.0
872.0
928.0
1208.0
992.0
1280.0
1160.0
1039.0
976.0
1256.0
728.0
1008.0
440.0
960.0
807.0
1120.0
1008.0
2984.0
2944.0
3040.0
4600.0
2032.0
2320.0
2312.0
2424.0
3968.0
2488.0
2872.0
3048.0
2840.0
2336.0
2456.0
1767.0
1976.0
2024.0
3704.0
1656.0
1464.0
3095.0
2233.0
2224.0
2151.0
2112.0
1256.0
1472.0
1768.0
2128.0
2287.0
1391.0
2175.0
1552.0
1928.0
1176.0
3216.0
2024.0
2688.0
1664.0
3088.0
2272.0
3989.0
2424.0
1856.0
1880.0
2048.0
1776.0
2040.0
1920.0
1792.0
1752.0
1456.0
1520.0
2136.0
1576.0
1464.0
1520.0
2240.0
1864.0
1616.0
2208.0
1504.0
2200.0
1384.0
1480.0
1808.0
2008.0
1944.0
1760.0
1440.0
1552.0
1624.0
1360.0
1376.0
1512.0
1680.0
1496.0
2056.0
1568.0
2008.0
1248.0
1632.0
2016.0
1472.0
1799.0
1471.0
3844.0
3992.0
1616.0
1408.0
2304.0
2496.0
2624.0
2464.0
3200.0
1816.0
2224.0
1968.0
2976.0
2320.0
2120.0
2632.0
2592.0
1943.0
1935.0
2472.0
1832.0
1695.0
3319.0
3839.0
2087.0
2200.0
1615.0
2031.0
1599.0
1329.0
1295.0
1240.0
1943.0
2944.0
1952.0
2984.0
1631.0
2640.0
2240.0
1848.0
2464.0
4208.0
1624.0
1792.0
2149.0
1712.0
1583.0
1505.0
1415.0
1128.0
1048.0
1232.0
1175.0
1089.0
1000.0
959.0
1096.0
984.0
983.0
1232.0
1368.0
1704.0
968.0
1056.0
960.0
1072.0
984.0
1584.0
536.0
1184.0
576.0
848.0
1168.0
872.0
928.0
1208.0
992.0
1280.0
1160.0
1039.0
976.0
1256.0
728.0
1008.0
440.0
960.0
807.0
1120.0
1008.0
3844.0
3992.0
1616.0
1408.0
2304.0
2496.0
2624.0
2464.0
3200.0
1816.0
2224.0
1968.0
2976.0
2320.0
2120.0
2632.0
2592.0
1943.0
1935.0
2472.0
1832.0
1695.0
3319.0
3839.0
2087.0
2200.0
1615.0
2031.0
1599.0
1329.0
1295.0
1240.0
1943.0
2944.0
1952.0
2984.0
1631.0
2640.0
2240.0
1848.0
2464.0
4208.0
1624.0
1792.0
2149.0
1712.0
1583.0
1505.0
1415.0
1128.0
1048.0
1232.0
1175.0
1089.0
1000.0
959.0
1096.0
984.0
983.0
1232.0
1368.0
1704.0
968.0
1056.0
960.0
1072.0
984.0
1584.0
536.0
1184.0
576.0
848.0
1168.0
872.0
928.0
1208.0
992.0
1280.0
1160.0
1039.0
976.0
1256.0
728.0
1008.0
440.0
960.0
807.0
1120.0
1008.0
4992.0
1904.0
5320.0
3432.0
3856.0
1536.0
1656.0
1872.0
2088.0
5256.0
1552.0
2208.0
1648.0
1752.0
5344.0
3432.0
1968.0
1440.0
1599.0
1711.0
1560.0
2856.0
1888.0
1512.0
1904.0
2799.0
1648.0
1551.0
1360.0
1447.0
3256.0
3560.0
1615.0
1655.0
1599.0
2455.0
2423.0
1575.0
2623.0
1687.0
1591.0
2240.0
1424.0
1968.0
1440.0
5760.0
3200.0
1224.0
1104.0
1360.0
2152.0
1248.0
1152.0
1504.0
1592.0
1400.0
1096.0
1016.0
1120.0
2032.0
1072.0
1136.0
1008.0
976.0
992.0
1048.0
1040.0
1080.0
1024.0
1144.0
952.0
1008.0
1264.0
1000.0
968.0
1000.0
1192.0
944.0
936.0
896.0
936.0
944.0
984.0
1096.0
984.0
4992.0
1904.0
5320.0
3432.0
3856.0
1536.0
1656.0
1872.0
2088.0
5256.0
1552.0
2208.0
1648.0
1752.0
5344.0
3432.0
1968.0
1440.0
1599.0
1711.0
1560.0
2856.0
1888.0
1512.0
1904.0
2799.0
1648.0
1551.0
1360.0
1447.0
3256.0
3560.0
1615.0
1655.0
1599.0
2455.0
2423.0
1575.0
2623.0
1687.0
1591.0
2240.0
1424.0
1968.0
1440.0
5760.0
3200.0
1224.0
1104.0
1360.0
2152.0
1248.0
1152.0
1504.0
1592.0
1400.0
1096.0
1016.0
1120.0
2032.0
1072.0
1136.0
1008.0
976.0
992.0
1048.0
1040.0
1080.0
1024.0
1144.0
952.0
1008.0
1264.0
1000.0
968.0
1000.0
1192.0
944.0
936.0
896.0
936.0
944.0
984.0
1096.0
984.0
4992.0
1904.0
5320.0
3432.0
3856.0
1536.0
1656.0
1872.0
2088.0
5256.0
1552.0
2208.0
1648.0
1752.0
5344.0
3432.0
1968.0
1440.0
1599.0
1711.0
1560.0
2856.0
1888.0
1512.0
1904.0
2799.0
1648.0
1551.0
1360.0
1447.0
3256.0
3560.0
1615.0
1655.0
1599.0
2455.0
2423.0
1575.0
2623.0
1687.0
1591.0
2240.0
1424.0
1968.0
1440.0
5760.0
3200.0
1224.0
1104.0
1360.0
2152.0
1248.0
1152.0
1504.0
1592.0
1400.0
1096.0
1016.0
1120.0
2032.0
1072.0
1136.0
1008.0
976.0
992.0
1048.0
1040.0
1080.0
1024.0
1144.0
952.0
1008.0
1264.0
1000.0
968.0
1000.0
1192.0
944.0
936.0
896.0
936.0
944.0
984.0
1096.0
984.0
4992.0
1904.0
5320.0
3432.0
3856.0
1536.0
1656.0
1872.0
2088.0
5256.0
1552.0
2208.0
1648.0
1752.0
5344.0
3432.0
1968.0
1440.0
1599.0
1711.0
1560.0
2856.0
1888.0
1512.0
1904.0
2799.0
1648.0
1551.0
1360.0
1447.0
3256.0
3560.0
1615.0
1655.0
1599.0
2455.0
2423.0
1575.0
2623.0
1687.0
1591.0
2240.0
1424.0
1968.0
1440.0
5760.0
3200.0
1224.0
1104.0
1360.0
2152.0
1248.0
1152.0
1504.0
1592.0
1400.0
1096.0
1016.0
1120.0
2032.0
1072.0
1136.0
1008.0
976.0
992.0
1048.0
1040.0
1080.0
1024.0
1144.0
952.0
1008.0
1264.0
1000.0
968.0
1000.0
1192.0
944.0
936.0
896.0
936.0
944.0
984.0
1096.0
984.0
4992.0
1904.0
5320.0
3432.0
3856.0
1536.0
1656.0
1872.0
2088.0
5256.0
1552.0
2208.0
1648.0
1752.0
5344.0
3432.0
1968.0
1440.0
1599.0
1711.0
1560.0
2856.0
1888.0
1512.0
1904.0
2799.0
1648.0
1551.0
1360.0
1447.0
3256.0
3560.0
1615.0
1655.0
1599.0
2455.0
2423.0
1575.0
2623.0
1687.0
1591.0
2240.0
1424.0
1968.0
1440.0
5760.0
3200.0
1224.0
1104.0
1360.0
2152.0
1248.0
1152.0
1504.0
1592.0
1400.0
1096.0
1016.0
1120.0
2032.0
1072.0
1136.0
1008.0
976.0
992.0
1048.0
1040.0
1080.0
1024.0
1144.0
952.0
1008.0
1264.0
1000.0
968.0
1000.0
1192.0
944.0
936.0
896.0
936.0
944.0
984.0
1096.0
984.0
